rounds =

        1000

eil70

global_shortest_path =

  562.9655
  571.5892
  580.3310
  548.2979
  573.2624
  570.9294
  562.2721
  557.1018
  554.1578
  581.9573


global_shortest_path_average =

  566.2865


errors =

   11.1722